    24 
  5.000000000000000000E+00 
  7.569638623680654543E-01 
  1.000000000000000194E-01 
  5.000000000000000000E+00 
  1.000000000000000000E+00 
  5.000000000000000000E+00 
  9.000000000000000222E-01 
  4.919061785690852950E+00 
  3.182010357062722505E+00 
  2.923239448395417384E+01 
  5.000000000000000000E-01 
  4.000000000000000777E-02 
  1.000000000000000178E+01 
  1.000000000000000000E+00 
  1.000000000000000178E+01 
  1.488582282552790161E+02 
  5.380797388408431470E-01 
  4.493293469871686874E+00 
  5.445154814569541646E-02 
  1.060299999999999585E+02 
  6.255801808977958789E-01 
  5.940245581035336064E-01 
  8.744560355140011954E-01 
  2.999999999999999556E+00 
