   451 
  1.529427469352109483E+02 
  1.527092924474372353E+02 
  1.524263075869038744E+02 
  1.521146944195300250E+02 
  1.517953550112337098E+02 
  1.514891914279340881E+02 
  1.512171057355499215E+02 
  1.510000000000000000E+02 
  1.508292308838568374E+02 
  1.506786494162679446E+02 
  1.505428992130154882E+02 
  1.504166238898814925E+02 
  1.502944670626480388E+02 
  1.501710723470972368E+02 
  1.500410833590108552E+02 
  1.499069591932763217E+02 
  1.497845893805811386E+02 
  1.496671838719542507E+02 
  1.495464734294567108E+02 
  1.494141888151492594E+02 
  1.492620607910928925E+02 
  1.490818201193486061E+02 
  1.488311928943788871E+02 
  1.483993325563413634E+02 
  1.478477639966002926E+02 
  1.472554515199261687E+02 
  1.467013594310891449E+02 
  1.462644520348593176E+02 
  1.460236936360069819E+02 
  1.461343374284601282E+02 
  1.468552386594445522E+02 
  1.479941707913263258E+02 
  1.493166422911732809E+02 
  1.505881616260518285E+02 
  1.515742372630328418E+02 
  1.520544144518252097E+02 
  1.523118812357096772E+02 
  1.525394682253416363E+02 
  1.527296245086536999E+02 
  1.528747991735790492E+02 
  1.529674413080502120E+02 
  1.530000000000000000E+02 
  1.528517436831015459E+02 
  1.524625407541833795E+02 
  1.519157402459094328E+02 
  1.512946911909449739E+02 
  1.506827426219549011E+02 
  1.501632435716041698E+02 
  1.497912145590029525E+02 
  1.494876155024628588E+02 
  1.492184329945366130E+02 
  1.489593736127756642E+02 
  1.486861439347315184E+02 
  1.483744505379560508E+02 
  1.480000000000000000E+02 
  1.474302221324458344E+02 
  1.466399385808441025E+02 
  1.457659436736989846E+02 
  1.449450317395155707E+02 
  1.443139971067959948E+02 
  1.440096341040454604E+02 
  1.441303225745111831E+02 
  1.446344115460967998E+02 
  1.454737870556932648E+02 
  1.466015111637361485E+02 
  1.479706459306581792E+02 
  1.495342534168929660E+02 
  1.512453956828740331E+02 
  1.530571347890328298E+02 
  1.549225327958071148E+02 
  1.567946517636283943E+02 
  1.586265537529302492E+02 
  1.603713008241462035E+02 
  1.619819550377081327E+02 
  1.634115784540532559E+02 
  1.646132331336132211E+02 
  1.655399811368216092E+02 
  1.661559049256678406E+02 
  1.666103430458146306E+02 
  1.669893863394221967E+02 
  1.673256200803893137E+02 
  1.676516295426154670E+02 
  1.680000000000000000E+02 
  1.684222672631256330E+02 
  1.689010555255734971E+02 
  1.693655826357379510E+02 
  1.697450664420138082E+02 
  1.699687247927957969E+02 
  1.699910697023568957E+02 
  1.699217658983708361E+02 
  1.697886235431377315E+02 
  1.695973455090810091E+02 
  1.693536346686240677E+02 
  1.690631938941906469E+02 
  1.682399700978970998E+02 
  1.661729245986793728E+02 
  1.633842880162795268E+02 
  1.604306986206085526E+02 
  1.578687946815799421E+02 
  1.562552144690983482E+02 
  1.558226247900569490E+02 
  1.555601294865572584E+02 
  1.553427989649035794E+02 
  1.551749627141417420E+02 
  1.550609502233170076E+02 
  1.550050909814752629E+02 
  1.550000000000000000E+02 
  1.550000000000000000E+02 
  1.550000000000000000E+02 
  1.550000000000000000E+02 
  1.550000000000000000E+02 
  1.550052728090974199E+02 
  1.555567347541932293E+02 
  1.567328734458638166E+02 
  1.581306716282563514E+02 
  1.593471120455139669E+02 
  1.599791774417808199E+02 
  1.600000000000000000E+02 
  1.600000000000000000E+02 
  1.600000000000000000E+02 
  1.600000000000000000E+02 
  1.600000000000000000E+02 
  1.599844299709356790E+02 
  1.597251604320871934E+02 
  1.591945784370189756E+02 
  1.584549241437749174E+02 
  1.575684377103987401E+02 
  1.565973592949342219E+02 
  1.555740053076432048E+02 
  1.542737695516818519E+02 
  1.526626395078341147E+02 
  1.507720848610066469E+02 
  1.486335752961061587E+02 
  1.462785804980421176E+02 
  1.437324530592616725E+02 
  1.403859681346532682E+02 
  1.361230655897381041E+02 
  1.313774748428364205E+02 
  1.265829253122738294E+02 
  1.221731464163592591E+02 
  1.185818675734184922E+02 
  1.157204519021711633E+02 
  1.128303190816711208E+02 
  1.101011375784326560E+02 
  1.077538048731011884E+02 
  1.060092184463317864E+02 
  1.050882757787762927E+02 
  1.053390311033262492E+02 
  1.072057689204107760E+02 
  1.102829663929204571E+02 
  1.140898760393083933E+02 
  1.181457503780289642E+02 
  1.219698419275364927E+02 
  1.255549243293943533E+02 
  1.298120349487915348E+02 
  1.343873584504734140E+02 
  1.388407147425227777E+02 
  1.427319237330224269E+02 
  1.456208053300525762E+02 
  1.470760765011167734E+02 
  1.477942449476882132E+02 
  1.484282490197454933E+02 
  1.489684943240795292E+02 
  1.494053864674806960E+02 
  1.497293310567408753E+02 
  1.499307336986503572E+02 
  1.500000000000000000E+02 
  1.496416087849977146E+02 
  1.486607576283648768E+02 
  1.471989302626579956E+02 
  1.453976104204367061E+02 
  1.433982818342598762E+02 
  1.413424282366863736E+02 
  1.393715333602772546E+02 
  1.374224085595187717E+02 
  1.351949151190544001E+02 
  1.327819007409646019E+02 
  1.302887645871547306E+02 
  1.278209058195328680E+02 
  1.254837235999985978E+02 
  1.233826170904601156E+02 
  1.215277368047112816E+02 
  1.197682253672542032E+02 
  1.180935150241761278E+02 
  1.164982527139091104E+02 
  1.149770853748909616E+02 
  1.135246599455575449E+02 
  1.121356233643447098E+02 
  1.107499395683199879E+02 
  1.093259371362627661E+02 
  1.079295065635106567E+02 
  1.066273335087158074E+02 
  1.054861036305303514E+02 
  1.045725025876073175E+02 
  1.039521474823052642E+02 
  1.035438595891949092E+02 
  1.032343740615427095E+02 
  1.029824026322433639E+02 
  1.027466570341918555E+02 
  1.024858490002824141E+02 
  1.021586902634099943E+02 
  1.017225181062109698E+02 
  1.011626500260987740E+02 
  1.005107715330644425E+02 
  9.980119502151865163E+01 
  9.906823288587429488E+01 
  9.834619752054355502E+01 
  9.763083486145823997E+01 
  9.676241875107510282E+01 
  9.583217118924447675E+01 
  9.497403176751383569E+01 
  9.432194007742978670E+01 
  9.400983571053889420E+01 
  9.411868109536129623E+01 
  9.451851851851833430E+01 
  9.505553015292379371E+01 
  9.557730020830167916E+01 
  9.593141289437596697E+01 
  9.597267159793079827E+01 
  9.570438913006665871E+01 
  9.524635450427226147E+01 
  9.471845156365462515E+01 
  9.424056415132079678E+01 
  9.391948725522910024E+01 
  9.364397626094931582E+01 
  9.338239849229286449E+01 
  9.316724580551060342E+01 
  9.303101005685336133E+01 
  9.302006528292440635E+01 
  9.334077720467800532E+01 
  9.395399354649337909E+01 
  9.473188867833960103E+01 
  9.554663697018573032E+01 
  9.629743237698306757E+01 
  9.712665155202608958E+01 
  9.802559411995414962E+01 
  9.892848890654403249E+01 
  9.976956473757253718E+01 
  1.004870323812739628E+02 
  1.011004384846585538E+02 
  1.016956186274326086E+02 
  1.023599746066867908E+02 
  1.031855201664996429E+02 
  1.043452215117267201E+02 
  1.057522605096203137E+02 
  1.072164146121446890E+02 
  1.085474612712651492E+02 
  1.096013236583710153E+02 
  1.104936340013281466E+02 
  1.113196338204704290E+02 
  1.121613144647488980E+02 
  1.131004182411405594E+02 
  1.141643645811922170E+02 
  1.153069476694594329E+02 
  1.164852747341901278E+02 
  1.176564530036283003E+02 
  1.188220587199479610E+02 
  1.200463203183703200E+02 
  1.212500381527041071E+02 
  1.223451675197215422E+02 
  1.232434365582056728E+02 
  1.239181300990238412E+02 
  1.244916080144732859E+02 
  1.251062880237078332E+02 
  1.259045878458833840E+02 
  1.271357204189129106E+02 
  1.288394913834887063E+02 
  1.307312269771723834E+02 
  1.325242197694500987E+02 
  1.340482507676950661E+02 
  1.354943542337409781E+02 
  1.368838493885673415E+02 
  1.382210245539081370E+02 
  1.395032136432387802E+02 
  1.406914365641721361E+02 
  1.418349350479813893E+02 
  1.430024663824847835E+02 
  1.442633330388445074E+02 
  1.456665783196393704E+02 
  1.471493359248459569E+02 
  1.486232588273402939E+02 
  1.500000000000000000E+02 
  1.512558315951550583E+02 
  1.524473010590105559E+02 
  1.536064743052612016E+02 
  1.547654172475977532E+02 
  1.559515744158743473E+02 
  1.571522307259567981E+02 
  1.583343217778183316E+02 
  1.594646368302266524E+02 
  1.605627352061090960E+02 
  1.618150354480749229E+02 
  1.629932307316982474E+02 
  1.638054673793731411E+02 
  1.636960944138478169E+02 
  1.591155518256246637E+02 
  1.512845153131054019E+02 
  1.431221211644305242E+02 
  1.375475056677442751E+02 
  1.353460745640730352E+02 
  1.335303656037264659E+02 
  1.321162666269700026E+02 
  1.312344337655532058E+02 
  1.310433305222670128E+02 
  1.324187186461739145E+02 
  1.352939488160725148E+02 
  1.390807703842884564E+02 
  1.431909327031473254E+02 
  1.477993131770833202E+02 
  1.538245164399312443E+02 
  1.606025632414412883E+02 
  1.674209504784071214E+02 
  1.740539159268448657E+02 
  1.815670986925649970E+02 
  1.889558260511724939E+02 
  1.949851645218565466E+02 
  1.984900416548546502E+02 
  2.007981156923849539E+02 
  2.027495021954036645E+02 
  2.041808414276426902E+02 
  2.049287736528268056E+02 
  2.050000000000000000E+02 
  2.050000000000000000E+02 
  2.050000000000000000E+02 
  2.050000000000000000E+02 
  2.050000000000000000E+02 
  2.050000000000000000E+02 
  2.051274465179791378E+02 
  2.054515248065541471E+02 
  2.058848429676830563E+02 
  2.063400091033226715E+02 
  2.067296313154301970E+02 
  2.069663177059627230E+02 
  2.069928566787257012E+02 
  2.069381911755023680E+02 
  2.068352006735377131E+02 
  2.066905013514216307E+02 
  2.065107093877440434E+02 
  2.063024409610951579E+02 
  2.060723122500643854E+02 
  2.057618420007163991E+02 
  2.052185639338076442E+02 
  2.044976020602844073E+02 
  2.036669578416172328E+02 
  2.027946327392738226E+02 
  2.019486282147246072E+02 
  2.011969457294392498E+02 
  2.005326390016659843E+02 
  1.998022336134799843E+02 
  1.990512118140818529E+02 
  1.983386884657065252E+02 
  1.977237784305879984E+02 
  1.972655965709603549E+02 
  1.970232577490577910E+02 
  1.971246880466470373E+02 
  1.977971078717199589E+02 
  1.988683615160351792E+02 
  2.001285364431493008E+02 
  2.013677201166177042E+02 
  2.023760000000000048E+02 
  2.029434635568513841E+02 
  2.029786307224459279E+02 
  2.028636262629028977E+02 
  2.026810437461379024E+02 
  2.024674118517301338E+02 
  2.022592592592592666E+02 
  2.020931146483048906E+02 
  2.020055066984465952E+02 
  2.020258214936621926E+02 
  2.021374361531757700E+02 
  2.023092024256008870E+02 
  2.025102733299573003E+02 
  2.027098018852646817E+02 
  2.028769411105426173E+02 
  2.029808440248112333E+02 
  2.029830854003623415E+02 
  2.028077362764330474E+02 
  2.024788857423181696E+02 
  2.020422688653490582E+02 
  2.015436207128554997E+02 
  2.010286763521687590E+02 
  2.005431708506196173E+02 
  2.001328392755388847E+02 
  1.998106399539748566E+02 
  1.994762842621270522E+02 
  1.991352190300869438E+02 
  1.988067538486983779E+02 
  1.985101983088052293E+02 
  1.982648620012515721E+02 
  1.980900545168806843E+02 
  1.980050854465367820E+02 
  1.980000000000000000E+02 
  1.980000000000000000E+02 
  1.980000000000000000E+02 
  1.980000000000000000E+02 
  1.980000000000000000E+02 
  1.980000000000000000E+02 
  1.980000000000000000E+02 
  1.979658335679172581E+02 
  1.977739786482505622E+02 
  1.974478944051833764E+02 
  1.970272838302663558E+02 
  1.965518499150500702E+02 
  1.960612956510856577E+02 
  1.955953240299225797E+02 
  1.951936380431119460E+02 
  1.948894814545920440E+02 
  1.946449697565188615E+02 
  1.944339381925759085E+02 
  1.942414785992710904E+02 
  1.940526828131130799E+02 
  1.938526426706103507E+02 
  1.936264500082712345E+02 
  1.933591966626045462E+02 
  1.930359744701181057E+02 
  1.925884516477371733E+02 
  1.919576957555649130E+02 
  1.911842272572366142E+02 
  1.903093198036049500E+02 
  1.893742470455194109E+02 
  1.884202826338326133E+02 
  1.874887002193960939E+02 
  1.866207734530614459E+02 
  1.858547486752097768E+02 
  1.851225624865770385E+02 
  1.843819294090521907E+02 
  1.836348072411477403E+02 
  1.828831537813761372E+02 
  1.821289268282507408E+02 
  1.813740841802823240E+02 
  1.806205836359841896E+02 
  1.798703829938688727E+02 
  1.791254400524487949E+02 
  1.783877126102373438E+02 
  1.776591584657452643E+02 
  1.769417354174859440E+02 
  1.762374012639717762E+02 
  1.755481138037153244E+02 
  1.748758308352298059E+02 
  1.742225101570261643E+02 
  1.735901095676176453E+02 
  1.729805868655167558E+02 
  1.723958998492359456E+02 
  1.718380063172883467E+02 
  1.713088640681851871E+02 
  1.708104309004395418E+02 
  1.703446646125639461E+02 
  1.699135230030708499E+02 
  1.695189638704732147E+02 
  1.691629450132825525E+02 
  1.688405192560013575E+02 
