   451 
  4.231260572223979111E+00 
  4.216401536638447745E+00 
  4.202592555994479007E+00 
  4.189862061382548575E+00 
  4.178238483893134791E+00 
  4.167750254616708894E+00 
  4.144205520890901440E+00 
  4.123981538532637714E+00 
  4.108176384246204016E+00 
  4.105792253883038256E+00 
  4.124589794375141061E+00 
  4.168652693410009213E+00 
  4.238387679430646315E+00 
  4.330524521635554791E+00 
  4.438116029978734112E+00 
  4.550791446122099515E+00 
  4.663752100681241686E+00 
  4.775878777686172860E+00 
  4.885087394454176390E+00 
  4.981409234785035167E+00 
  5.056136617027627622E+00 
  5.104258304404984514E+00 
  5.124459505014290706E+00 
  5.119121871826875392E+00 
  5.094323502688236971E+00 
  5.059585549365601231E+00 
  5.018876560302174994E+00 
  4.972505116156399119E+00 
  4.920779797586709137E+00 
  4.864009185251552125E+00 
  4.802501859809360951E+00 
  4.736566401918573810E+00 
  4.666511392237628897E+00 
  4.592645411424965296E+00 
  4.515277040139026532E+00 
  4.434714859038246360E+00 
  4.351267448781063862E+00 
  4.265243390025918124E+00 
  4.176951263431247341E+00 
  4.086699649655494149E+00 
  3.994797129357092302E+00 
  3.901552283194482218E+00 
  3.807273691826102091E+00 
  3.712269935910391006E+00 
  3.616849596105788489E+00 
  3.521321253070732293E+00 
  3.425993487463660614E+00 
  3.331174879943013423E+00 
  3.237174011167229359E+00 
  3.144299461794745287E+00 
  3.052859812484001178E+00 
  2.963163643893436117E+00 
  2.875519536681488297E+00 
  2.790236071506597249E+00 
  2.707621829027198945E+00 
  2.627985389901733804E+00 
  2.551635334788641796E+00 
  2.478880244346361117E+00 
  2.410028699233330851E+00 
  2.345389280107984753E+00 
  2.285270567628766347E+00 
  2.229981142454113829E+00 
  2.179829585242466727E+00 
  2.135124476652263681E+00 
  2.096174397341937112E+00 
  2.063291773789248218E+00 
  2.037197795811020562E+00 
  2.018731962162047644E+00 
  2.008510416190536496E+00 
  2.006925945838094361E+00 
  2.014147983639760664E+00 
  2.030122606723977263E+00 
  2.054572536812597328E+00 
  2.086997140220885338E+00 
  2.126672427857511316E+00 
  2.172647209405254465E+00 
  2.223338175801232719E+00 
  2.276820353638002725E+00 
  2.331168769508120686E+00 
  2.384458450004146357E+00 
  2.434764421718636385E+00 
  2.480161711244147860E+00 
  2.508465999777961919E+00 
  2.503110645634218034E+00 
  2.456344540895301520E+00 
  2.369232111411690767E+00 
  2.251653316802105564E+00 
  2.121836429148374670E+00 
  1.989311017224528744E+00 
  1.857145110550183720E+00 
  1.728489214046127431E+00 
  1.606576308034320277E+00 
  1.504981193633171399E+00 
  1.441743470245401282E+00 
  1.426169678906650251E+00 
  1.458833302285649891E+00 
  1.531574764684056733E+00 
  1.627968653341590466E+00 
  1.740370734206938774E+00 
  1.867680787884358651E+00 
  2.008798594978141505E+00 
  2.162623936092561205E+00 
  2.328056591831891176E+00 
  2.503996342800404840E+00 
  2.689342969602366740E+00 
  2.882996252842060070E+00 
  3.083855973123760030E+00 
  3.290821911051739157E+00 
  3.502793847230271318E+00 
  3.718671562263627273E+00 
  3.937354836756085774E+00 
  4.157743451311919358E+00 
  4.378737186535401449E+00 
  4.599235823030806358E+00 
  4.818139141402410175E+00 
  5.034346922254485435E+00 
  5.246758946191305562E+00 
  5.454274993817144868E+00 
  5.655794845736275889E+00 
  5.850218282552980931E+00 
  6.036445084871526312E+00 
  6.213375033296187233E+00 
  6.379907908431236230E+00 
  6.534943490880945838E+00 
  6.677381561249606357E+00 
  6.806121900141476999E+00 
  6.920064288160830301E+00 
  7.018108505911942352E+00 
  7.098731214185567850E+00 
  7.159674969113308585E+00 
  7.199610904577572690E+00 
  7.218231772364321230E+00 
  7.216251942163035338E+00 
  7.195407401566718875E+00 
  7.158455756071921527E+00 
  7.109176229078680187E+00 
  7.052369661890568686E+00 
  6.997336549803618411E+00 
  6.971164591200832206E+00 
  6.994609434587597541E+00 
  7.076451098852515997E+00 
  7.213400933114567870E+00 
  7.390101616723157463E+00 
  7.581651713157304684E+00 
  7.778186431103999432E+00 
  7.974252555525708885E+00 
  8.163817563074763584E+00 
  8.336791586004446586E+00 
  8.466162982887974309E+00 
  8.532428576428781497E+00 
  8.527574550789594809E+00 
  8.455076451592651310E+00 
  8.329899185919639848E+00 
  8.175972468412506799E+00 
  8.001610060195122998E+00 
  7.810134837805715158E+00 
  7.604869677782545523E+00 
  7.389137456663870118E+00 
  7.166261050987945858E+00 
  8.899402867270069351E+00 
  1.150224878761129510E+01 
  1.432634394960191493E+01 
  1.721290120317839012E+01 
  2.013280111062335820E+01 
  2.308659194656560487E+01 
  2.607448969798014815E+01 
  2.910637806418814222E+01 
  3.216180845685691736E+01 
  3.523999999999999488E+01 
  3.637999999999999545E+01 
  3.670999999999999375E+01 
  3.693999999999999773E+01 
  3.714999999999999858E+01 
  3.735999999999999943E+01 
  3.755999999999999517E+01 
  3.775000000000000000E+01 
  3.794000000000000483E+01 
  3.817000000000000171E+01 
  3.841000000000000369E+01 
  3.865000000000000568E+01 
  3.885000000000000142E+01 
  3.895000000000000284E+01 
  3.901999999999999602E+01 
  3.906000000000000227E+01 
  3.910000000000000142E+01 
  3.914000000000000057E+01 
  3.916000000000000369E+01 
  3.914000000000000057E+01 
  3.912000000000000455E+01 
  3.912000000000000455E+01 
  3.912000000000000455E+01 
  3.911999999999999744E+01 
  3.912999999999999545E+01 
  3.916000000000000369E+01 
  3.942999999999999261E+01 
  3.986999999999999034E+01 
  4.035000000000000142E+01 
  4.083999999999999631E+01 
  4.131999999999999318E+01 
  4.178000000000000114E+01 
  4.229999999999999716E+01 
  4.285999999999999943E+01 
  4.342999999999999972E+01 
  4.400000000000000000E+01 
  4.432999999999999829E+01 
  4.448999999999999488E+01 
  4.438000000000000256E+01 
  4.415999999999999659E+01 
  4.392000000000000171E+01 
  4.366999999999999460E+01 
  4.335999999999999943E+01 
  4.310999999999999943E+01 
  4.293999999999999773E+01 
  4.278999999999999915E+01 
  4.264000000000000057E+01 
  4.248999999999999488E+01 
  4.257000000000000028E+01 
  4.278999999999999915E+01 
  4.304999999999999716E+01 
  4.332000000000000028E+01 
  4.360000000000000142E+01 
  4.378000000000000114E+01 
  4.386999999999999744E+01 
  4.376999999999999602E+01 
  4.357000000000000028E+01 
  4.335000000000000142E+01 
  4.313000000000000256E+01 
  4.287000000000000455E+01 
  4.258999999999999631E+01 
  4.221999999999999176E+01 
  4.178999999999999915E+01 
  4.135999999999999943E+01 
  4.092000000000000171E+01 
  4.064999999999999858E+01 
  4.048000000000000398E+01 
  4.029999999999999716E+01 
  4.010999999999999943E+01 
  3.992000000000000171E+01 
  3.972999999999999687E+01 
  3.961999999999999744E+01 
  3.956000000000000227E+01 
  3.954999999999999716E+01 
  3.956000000000000227E+01 
  3.957999999999999829E+01 
  3.960000000000000142E+01 
  3.964999999999999858E+01 
  3.970999999999999375E+01 
  3.979999999999999716E+01 
  3.989999999999999858E+01 
  4.001000000000000512E+01 
  4.011999999999999744E+01 
  4.017999999999999972E+01 
  4.017000000000000171E+01 
  4.011999999999999744E+01 
  4.005999999999999517E+01 
  3.999999999999999289E+01 
  3.993999999999999773E+01 
  3.985000000000000142E+01 
  3.970000000000000284E+01 
  3.952999999999999403E+01 
  3.935999999999999943E+01 
  3.918999999999999773E+01 
  3.907000000000000028E+01 
  3.898000000000000398E+01 
  3.892999999999999261E+01 
  3.889000000000000057E+01 
  3.884999999999999432E+01 
  3.880999999999999517E+01 
  3.882000000000000028E+01 
  3.885000000000000142E+01 
  3.878000000000000114E+01 
  3.867999999999999261E+01 
  3.858999999999999631E+01 
  3.850000000000000000E+01 
  3.836999999999999744E+01 
  3.823000000000000398E+01 
  3.809000000000000341E+01 
  3.795000000000000284E+01 
  3.781000000000000227E+01 
  3.767000000000000171E+01 
  3.763000000000000256E+01 
  3.762000000000000455E+01 
  3.760000000000000142E+01 
  3.757999999999999829E+01 
  3.757000000000000028E+01 
  3.756000000000000227E+01 
  3.754999999999999716E+01 
  3.753999999999999915E+01 
  3.749000000000000199E+01 
  3.742999999999999972E+01 
  3.737000000000000455E+01 
  3.731000000000000227E+01 
  3.726000000000000512E+01 
  3.642000000000000171E+01 
  3.535999999999999943E+01 
  3.425000000000000000E+01 
  3.313000000000000256E+01 
  3.200000000000000000E+01 
  3.087000000000000455E+01 
  2.790295077583051508E+01 
  2.494593142229721749E+01 
  2.199754789965526314E+01 
  1.905623299552070904E+01 
  1.691024632487050638E+01 
  1.498767433004247529E+01 
  1.311643028073535788E+01 
  1.125454430023714281E+01 
  9.400446698512689991E+00 
  7.582648499083342486E+00 
  7.606787500498197296E+00 
  7.614450733189457310E+00 
  7.605775912998089083E+00 
  7.581151479262437931E+00 
  7.541216594818219043E+00 
  7.486861145998537026E+00 
  7.419225742633839715E+00 
  7.339411691823579886E+00 
  7.248197664848616384E+00 
  7.146359170291580298E+00 
  7.034671716735118707E+00 
  6.913910812761850266E+00 
  6.784851966954408731E+00 
  6.648270687895428743E+00 
  6.504942484167541394E+00 
  6.355642864353387544E+00 
  6.201147337035594731E+00 
  6.042231410796792268E+00 
  5.879670594219614799E+00 
  5.714240395886696078E+00 
  5.546716324380670748E+00 
  5.377873888284169013E+00 
  5.208488596179824626E+00 
  5.039335956650271342E+00 
  4.871191478278140252E+00 
  4.704830669646062447E+00 
  4.541029039336673456E+00 
  4.380562095932606148E+00 
  4.224205348016494277E+00 
  4.072734304170968933E+00 
  3.926924472978657210E+00 
  3.787551363022199524E+00 
  3.655390482884227854E+00 
  3.531217341147376398E+00 
  3.415807446394276692E+00 
  3.309936307207551831E+00 
  3.214379432169844897E+00 
  3.129912329863789200E+00 
  3.057310508872016719E+00 
  2.998540868026846162E+00 
  2.958514682536486085E+00 
  2.941322745226287783E+00 
  2.950000712715032503E+00 
  2.986529105414948759E+00 
  3.051833307531711448E+00 
  3.145783567064410757E+00 
  3.267194995805652091E+00 
  3.413827569341452595E+00 
  3.582386127051279345E+00 
  3.767328981858361736E+00 
  3.959114934103457273E+00 
  4.147968130303690160E+00 
  4.324112716976166837E+00 
  4.477493744623915362E+00 
  4.599625777517751146E+00 
  4.685298833890618297E+00 
  4.732587305523185073E+00 
  4.742849957743958456E+00 
  4.720729929429253069E+00 
  4.674154733003190287E+00 
  4.612847766547330863E+00 
  4.542689823403635252E+00 
  4.469885843403302417E+00 
  4.401842581605433402E+00 
  4.345319998515150495E+00 
  4.304725319889288748E+00 
  4.282104117150729472E+00 
  4.277140307388346052E+00 
  4.287156153357022603E+00 
  4.307112263477653968E+00 
  4.331096079727517534E+00 
  4.357960368037280929E+00 
  4.387156467062204079E+00 
  4.418135715457542467E+00 
  4.450349451878550688E+00 
  4.483249014980488667E+00 
  4.516285743418610998E+00 
  4.548910975848177607E+00 
  4.580576050924442200E+00 
  4.610732307302663813E+00 
  4.638831083638101482E+00 
  4.664323718586009804E+00 
  4.686661550801644260E+00 
  4.702772681560874801E+00 
  4.707030051954932404E+00 
  4.695634952268235907E+00 
  4.666651277398116804E+00 
  4.620005526854869871E+00 
  4.557486804761738952E+00 
  4.482746819854915188E+00 
  4.401299885483545005E+00 
  4.319275637666817325E+00 
  4.239852134705152764E+00 
  4.167911002244973240E+00 
  4.110261090583497534E+00 
  4.071254965290916239E+00 
  4.052754651790675844E+00 
  4.054131635359420116E+00 
  4.072266861127006976E+00 
  4.101592695140348965E+00 
  4.135647142191027470E+00 
  4.168183441086391383E+00 
  4.196159571921109332E+00 
  4.217606348391796267E+00 
  4.231435683297456229E+00 
  4.237440588539493902E+00 
  4.236295175121686185E+00 
  4.229554653150210619E+00 
  4.219961811968941490E+00 
  4.212566569096187763E+00 
  4.211062410669084599E+00 
  4.217576387905009661E+00 
  4.233246510218822145E+00 
  4.258221745222869004E+00 
  4.291662018726985828E+00 
  4.331738214738490633E+00 
  4.375632175462205176E+00 
  4.419827920738268467E+00 
  4.461021498126924278E+00 
  4.494862478623184998E+00 
  4.518030475081374675E+00 
  4.528582832425501969E+00 
  4.525954627649296569E+00 
  4.510958669816199418E+00 
  4.485785500059357389E+00 
  4.454003391581638382E+00 
  4.420205251731220031E+00 
  4.388919266008840303E+00 
  4.363743677761886985E+00 
  4.347460629237457574E+00 
  4.342068984885795402E+00 
  4.348784331360334043E+00 
  4.368038977517658239E+00 
  4.399481954417513663E+00 
  4.441979015322808699E+00 
  4.493612635699604674E+00 
  4.552035111141528034E+00 
  4.615266693924679586E+00 
  4.646596228926894945E+00 
  4.680019524948418663E+00 
  4.715045856750356812E+00 
  4.751184499093803026E+00 
