   451 
  1.108518521046082839E+00 
  1.114643624202737993E+00 
  1.120310527224207320E+00 
  1.125500679497724921E+00 
  1.130195530410541771E+00 
  1.134376529349890861E+00 
  1.138025125703012286E+00 
  1.141122768857144809E+00 
  1.143650908199526306E+00 
  1.145590993117400869E+00 
  1.146924472998005040E+00 
  1.147632797228578916E+00 
  1.146091748757077644E+00 
  1.129389650901742925E+00 
  1.099533156167477266E+00 
  1.062501535862891089E+00 
  1.024274061296585492E+00 
  9.908300037771620161E-01 
  9.681486346132388565E-01 
  9.617958961347736757E-01 
  9.626640977489629991E-01 
  9.647327984547603430E-01 
  9.679516628604840633E-01 
  9.722703555744469650E-01 
  9.776385412049771739E-01 
  9.840058843603887162E-01 
  9.913220496489998368E-01 
  9.995367016791290027E-01 
  1.008599505059083690E+00 
  1.018460124397202682E+00 
  1.029068224301794787E+00 
  1.040373469381178140E+00 
  1.052325524243671095E+00 
  1.064874053497577133E+00 
  1.077968721751243475E+00 
  1.091559193612974488E+00 
  1.105595133691088083E+00 
  1.120026206593903062E+00 
  1.134802076929720460E+00 
  1.149872409306892385E+00 
  1.165186868333720316E+00 
  1.180695118618522832E+00 
  1.196346824769618067E+00 
  1.212091651395306613E+00 
  1.227879263103942353E+00 
  1.243659324503825658E+00 
  1.259381500203275106E+00 
  1.274995454810609274E+00 
  1.290450852934128312E+00 
  1.305697359182186101E+00 
  1.320684638163083235E+00 
  1.335362354485138070E+00 
  1.349680172756669183E+00 
  1.363587757585978721E+00 
  1.377034773581416793E+00 
  1.389970885351285990E+00 
  1.402345757503904666E+00 
  1.414109054647590735E+00 
  1.425210441390650562E+00 
  1.435599582341427372E+00 
  1.445226142108226863E+00 
  1.454039785299367393E+00 
  1.461990176523166873E+00 
  1.469026980387936554E+00 
  1.475099861502010778E+00 
  1.480158484473698799E+00 
  1.484152513911319637E+00 
  1.487031614423190984E+00 
  1.488745450617630528E+00 
  1.489237413838049751E+00 
  1.487790397713625756E+00 
  1.484161082406977750E+00 
  1.478663467800440001E+00 
  1.471611553776355663E+00 
  1.463319340217043241E+00 
  1.454100827004844332E+00 
  1.444270014022093207E+00 
  1.434140901151124581E+00 
  1.424027488274284270E+00 
  1.414243775273883230E+00 
  1.405103762032267722E+00 
  1.396921448431772239E+00 
  1.390010834354731273E+00 
  1.384685919683484201E+00 
  1.381260704300353082E+00 
  1.380049188087679735E+00 
  1.398100320275611486E+00 
  1.442876505313201108E+00 
  1.500311925911082422E+00 
  1.556340764780100194E+00 
  1.596897204630894684E+00 
  1.608677555246960544E+00 
  1.606185060915508611E+00 
  1.600273724605368209E+00 
  1.591123013087061056E+00 
  1.578912393131127301E+00 
  1.563821331508101986E+00 
  1.546029294988520819E+00 
  1.525715750342943489E+00 
  1.503060164341858629E+00 
  1.478242003755823708E+00 
  1.451440735355373990E+00 
  1.422835825911044516E+00 
  1.392606742193406077E+00 
  1.360932950972925104E+00 
  1.327993919020170166E+00 
  1.293969113105676971E+00 
  1.259037999999980562E+00 
  1.223380046473657057E+00 
  1.187174719297160896E+00 
  1.150601485241067312E+00 
  1.113839811075911790E+00 
  1.077069163572229371E+00 
  1.040469009500597064E+00 
  1.004218815631466644E+00 
  9.684980487354156731E-01 
  9.334861755829789720E-01 
  8.993626629446918042E-01 
  8.663069775911267367E-01 
  8.344985862927435383E-01 
  8.041169558201162193E-01 
  7.753415529437793774E-01 
  7.483518444342687204E-01 
  7.233272970621468234E-01 
  7.004473775978918848E-01 
  6.798915528120691443E-01 
  6.618392894752135325E-01 
  6.464700543578605352E-01 
  6.339633142305579616E-01 
  6.244985358638127648E-01 
  6.182551860281757516E-01 
  6.154127314941824078E-01 
  6.168408281598867227E-01 
  6.239164075281143917E-01 
  6.353042489281275351E-01 
  6.495173654524105666E-01 
  6.650687701934526741E-01 
  6.804714762437432674E-01 
  6.942384966957574344E-01 
  7.048828446420173366E-01 
  7.109175331749955085E-01 
  7.051822350778845783E-01 
  6.595322850390332725E-01 
  5.856733957736229845E-01 
  5.018048829115775433E-01 
  4.261260620830767953E-01 
  3.768362489182295327E-01 
  3.680167300695617594E-01 
  3.736528819996026152E-01 
  3.850615953710644357E-01 
  4.017008456354542179E-01 
  4.230286082442819007E-01 
  4.485028586490574787E-01 
  4.775815723012558633E-01 
  5.097227246524538291E-01 
  5.443842911541298957E-01 
  5.810242472577944461E-01 
  6.191005684149568644E-01 
  6.580712300770830137E-01 
  6.973942076957715397E-01 
  7.365274767224887498E-01 
  7.749290126087445829E-01 
  8.120567908060487561E-01 
  8.473687867658725725E-01 
  8.803229759398065735E-01 
  9.103773337793193976E-01 
  9.369898357359212060E-01 
  9.596184572611217156E-01 
  9.777211738064131019E-01 
  9.907559608233471593E-01 
  9.981807937634105121E-01 
  9.988964617407726232E-01 
  9.853172295127270441E-01 
  9.595648148148261392E-01 
  9.273011629818410650E-01 
  8.941882193486301311E-01 
  8.658879292500281100E-01 
  8.480622380208702182E-01 
  8.448719901685470823E-01 
  8.462059636375925953E-01 
  8.489158544961037389E-01 
  8.528840629672033158E-01 
  8.579929892740136843E-01 
  8.641250336396498755E-01 
  8.711625962872486806E-01 
  8.789880774399262409E-01 
  8.874838773208049147E-01 
  8.965323961530075048E-01 
  9.060160341596454892E-01 
  9.158171915638629867E-01 
  9.258182685887721419E-01 
  9.359016654574954241E-01 
  9.459497823931555249E-01 
  9.558450196188638115E-01 
  9.654697773577654019E-01 
  9.747064558329716633E-01 
  9.834374552676049541E-01 
  9.915451758847879660E-01 
  9.989120179076351747E-01 
  1.005420381559286369E+00 
  1.010952667062854804E+00 
  1.015391274641463504E+00 
  1.018618604518234605E+00 
  1.020517056916289800E+00 
  1.020968855468749936E+00 
  1.019925906249999903E+00 
  1.017548191406248970E+00 
  1.014031999999997824E+00 
  1.009573621093751816E+00 
  1.004369343750000754E+00 
  9.986154570312495427E-01 
  9.925082499999980934E-01 
  9.862440117187466493E-01 
  9.800190312500022261E-01 
  9.740295976562507452E-01 
  9.684719999999995554E-01 
  9.635425273437485671E-01 
  9.594374687499980237E-01 
  9.563531132812508329E-01 
  9.544857500000001327E-01 
  9.547335040000006767E-01 
  9.767888640000113032E-01 
  1.018437824000025804E+00 
  1.064608383999984698E+00 
  1.100228543999996811E+00 
  1.110915162138260470E+00 
  1.108055501717868374E+00 
  1.101471809485035092E+00 
  1.091621021858478313E+00 
  1.078960075256879536E+00 
  1.063945906098952898E+00 
  1.047035450803402767E+00 
  1.028685645788933734E+00 
  1.009353427474272813E+00 
  9.894957322780801867E-01 
  9.695694966190818720E-01 
  9.500316569159822366E-01 
  9.313391495874859816E-01 
  9.139489110523165705E-01 
  8.983178777291384032E-01 
  8.849029860366767197E-01 
  8.741611723936361100E-01 
  8.665493732187210529E-01 
  8.625245249306383588E-01 
  8.629793222577852863E-01 
  8.703676268861461063E-01 
  8.840037595894982836E-01 
  9.026976578773669990E-01 
  9.252592592592501219E-01 
  9.504985012447250137E-01 
  9.772253213432933183E-01 
  1.004249657064480328E+00 
  1.030381445917810890E+00 
  1.054430625412784428E+00 
  1.075207133058982301E+00 
  1.091520906365900823E+00 
  1.102181882843064731E+00 
  1.105999999999999872E+00 
  1.104384097673803078E+00 
  1.099743226192962497E+00 
  1.092387638804108274E+00 
  1.082627588753870551E+00 
  1.070773329288879694E+00 
  1.057135113655782055E+00 
  1.042023195101176913E+00 
  1.025747826871708401E+00 
  1.008619262214007328E+00 
  9.909477543747035044E-01 
  9.730435566004476122E-01 
  9.552169221378290498E-01 
  9.377781042334978334E-01 
  9.210373561340845505E-01 
  9.053049310862193444E-01 
  8.908910823365476794E-01 
  8.781060631316670584E-01 
  8.672601267182245000E-01 
  8.586635263428505915E-01 
  8.526265152521750323E-01 
  8.494593466928304082E-01 
  8.541078740103504874E-01 
  8.869273878294156033E-01 
  9.330107466116281945E-01 
  9.719520350290614674E-01 
  9.841760850259827498E-01 
  9.816568555612200653E-01 
  9.757620186843178889E-01 
  9.667740520029867168E-01 
  9.549754331249369343E-01 
  9.406486396578969122E-01 
  9.240761492095439511E-01 
  9.055404393876036462E-01 
  8.853239877997863827E-01 
  8.637092720538026569E-01 
  8.409787697573893883E-01 
  8.174149585182050037E-01 
  7.933003159439852015E-01 
  7.689173196424405887E-01 
  7.445484472212816618E-01 
  7.204761762882458953E-01 
  6.969829844509887185E-01 
  6.743513493172481610E-01 
  6.528637484947348302E-01 
  6.328026595911593333E-01 
  6.144505602142515954E-01 
  5.980899279716803685E-01 
  5.840032404711779090E-01 
  5.724729753204547134E-01 
  5.637816101272212777E-01 
  5.582116224991924280E-01 
  5.560454900440658932E-01 
  5.570926022674930200E-01 
  5.607001783624259161E-01 
  5.667365591218220811E-01 
  5.750752443027300487E-01 
  5.855897336622278848E-01 
  5.981535269573667879E-01 
  6.126401239452058389E-01 
  6.289230243828041189E-01 
  6.468757280271996146E-01 
  6.663717346354924853E-01 
  6.872845439647221610E-01 
  7.094876557719480559E-01 
  7.328545698142292508E-01 
  7.572587858485967383E-01 
  7.825738036321651103E-01 
  8.086731229219664696E-01 
  8.354302434750600082E-01 
  8.627186650485048069E-01 
  8.904118873993285277E-01 
  9.183834102846533121E-01 
  9.465067334615069328E-01 
  9.746553566869489149E-01 
  1.002702779718038117E+00 
  1.030522502311802313E+00 
  1.057988024225364310E+00 
  1.084972845215751214E+00 
  1.111350465040022106E+00 
  1.136994383455236513E+00 
  1.161778100218425536E+00 
  1.185575115086705322E+00 
  1.208258927817106088E+00 
  1.229703038166686913E+00 
  1.249780945892507322E+00 
  1.268366150751605748E+00 
  1.285332152501084124E+00 
  1.300552450897979551E+00 
  1.313900545699350886E+00 
  1.325249936662257877E+00 
  1.334474123543749613E+00 
  1.341446606100907601E+00 
  1.346040884090778267E+00 
  1.348130457270421134E+00 
  1.345645440637559975E+00 
  1.333656494429458439E+00 
  1.313375481679710521E+00 
  1.286397030569408795E+00 
  1.254315769279638282E+00 
  1.218726325991482895E+00 
  1.181223328886070512E+00 
  1.143401406144399113E+00 
  1.106855185947594578E+00 
  1.073179296476741484E+00 
  1.043968365912924634E+00 
  1.020817022437250365E+00 
  1.005319894230749300E+00 
  9.990716094745359932E-01 
  1.004122055187259610E+00 
  1.019505683204182445E+00 
  1.041474231489224911E+00 
  1.066264888460640270E+00 
  1.090114842536606288E+00 
  1.109261282135323157E+00 
  1.119941395674990181E+00 
  1.120820379257589705E+00 
  1.119760882385524292E+00 
  1.117828788483810953E+00 
  1.115113594683696085E+00 
  1.111704798116425419E+00 
  1.107691895913250013E+00 
  1.103164385205406273E+00 
  1.098211763124144369E+00 
  1.092923526800710254E+00 
  1.087389173366350104E+00 
  1.081698199952316308E+00 
  1.075940103689841276E+00 
  1.070204381710178065E+00 
  1.064580531144571962E+00 
  1.059158049124269363E+00 
  1.054026432780521549E+00 
  1.049275179244562928E+00 
  1.044993785647645224E+00 
  1.041271749121014389E+00 
  1.038198566795916378E+00 
  1.035863735803599361E+00 
  1.034356753275303742E+00 
  1.033767116342278802E+00 
  1.038300203618424566E+00 
  1.052213465902396505E+00 
  1.072614014026977536E+00 
  1.096553081701017840E+00 
  1.121081902633298100E+00 
  1.143251710532619425E+00 
  1.160113739107782038E+00 
  1.168719222067583274E+00 
  1.168153947893344258E+00 
  1.163321999999999079E+00 
  1.155649913698348019E+00 
  1.146251468756354974E+00 
  1.136240444941994054E+00 
  1.126730622023204731E+00 
  1.118835779767961780E+00 
  1.113669697944228432E+00 
  1.112277709820608473E+00 
  1.113169922916068089E+00 
  1.115081037975528933E+00 
  1.117687594058037748E+00 
  1.120666130222642165E+00 
  1.123693185528389371E+00 
  1.126445299034323666E+00 
  1.128599009799499342E+00 
  1.129830856882960255E+00 
  1.129317451780849968E+00 
  1.124340761616027695E+00 
  1.115623492234461223E+00 
  1.104455498538460034E+00 
  1.092126635430361814E+00 
  1.079926757812496696E+00 
  1.069145720587194592E+00 
  1.061073378656792521E+00 
  1.056999586923601075E+00 
  1.057739165835661188E+00 
  1.062122869232549727E+00 
  1.069139667134303862E+00 
  1.077832070630052597E+00 
  1.087242590808956022E+00 
  1.096413738760144696E+00 
  1.104388025572757837E+00 
  1.110207962335934884E+00 
  1.112916060138814167E+00 
  1.112130800139941922E+00 
  1.108772576466471982E+00 
  1.103189055999997947E+00 
  1.095700425329441785E+00 
  1.086626871043735454E+00 
  1.076288579731780048E+00 
  1.065005737982506417E+00 
  1.053098532384836084E+00 
  1.040887149527690347E+00 
  1.028691776000004721E+00 
  1.016832598390672304E+00 
  1.005629803288629054E+00 
